
strategic_region={
	id=50
	name="STRATEGICREGION_50"
	provinces={
		18 57 98 127 196 201 224 234 259 280 317 414 493 643 673 689 717 781 834 858 1004 1052 1112 1139 1221 1256 1276 1296 1338 1387 1461 1481 1503 1571 1610 1625 1701 1870 1951 1993 2051 2077 2089 2099 2182 2215 2216 2233 2483 2533 2536 2558 2643 2703 2711 2760 2822 2841 2849 2937 2991 3000 3010 3080 3107 3152 3166 3184 3248 3284 3315 3336 3379 3380 3464 3491 3504 3513 3547 3559 3564 3597 3613 3633 3765 3813 3876 3908 3911 3928 3937 3974 4002 4036 4040 4158 4193 4197 4262 4266 4279 4288 4416 4434 4462 4463 4465 4540 4547 4562 4566 4648 4653 4727 4791 4815 4932 4945 4990 5006 5077 5100 5128 5172 5204 5221 5278 5321 5337 5363 5499 5512 5522 5583 5598 5617 5632 5634 5681 5689 5738 5812 5900 5913 5928 5931 5970 6020 6032 6034 6040 6054 6116 6155 6164 6211 6229 6237 6269 6282 6308 6329 6375 6438 6522 6555 6589 6619 6745 6761 6762 6786 6835 6904 6927 6952 6976 7013 7034 7055 7099 7103 7132 7145 7180 7217 7221 7291 7312 7337 7343 7349 7362 7366 7385 7387 7397 7400 7406 7435 7479 7502 7519 7527 7540 7551 7582 7611 7726 7728 7749 7813 7833 7928 7992 8004 8014 8020 8083 8168 8169 8179 8209 8377 8378 8421 8445 8470 8498 8534 8576 8580 8783 8827 8869 8905 8912 8924 8943 8985 8994 9032 9081 9164 9179 9216 9278 9293 9295 9330 9342 9345 9350 9375 9425 9492 9546 9562 9638 9661 9691 9694 9703 9752 9788 9831 9865 9878 9901 9908 9931 9961 10031 10059 10075 10088 10103 10137 10172 10219 10273 10275 10324 10330 10428 10432 10437 10459 10496 10516 10535 10536 10555 10561 10590 10671 10729 10732 10735 10790 10796 10862 10949 10964 10965 10996 11034 11035 11037 11047 11062 11093 11095 11131 11140 11255 11313 11315 11333 11415 11495 11516 11530 11558 11583 11591 11597 11600 11640 11838 11842 11845 11861 11867 11881 11889 11894 11902 11924 11928 11929 11943 11945 11959 11975 11990 11994 12014 12022 12025 12026 12030 12031 12038 12040 12047 12051 12056 12068 12069 12072 12082 12083 12089 12093 12110 12112 12115 12130 12132 12134 12144 12146 12149 12153 12154 12156 12159 12160 12175 12177 12193 12197 12200 12213 12220 12223 12228 12274 12296 12302 12313 12319 12331 12345 12361 12363 12372 12379 12405 12418 12424 12430 12440 12446 12459 12464 12473 12478 12481 12487 12497 12506 12510 12526 12534 12548 12555 12559 12562 12570 12573 12578 12584 12586 12589 12590 12599 12603 12607 12608 12612 12623 12624 12627 12630 12631 12634 12636 12642 12646 12651 12655 12656 12665 12666 12672 12673 12675 12676 12680 12683 12688 12691 12696 12705 12706 12711 12725 12731 12741 12743 12747 12758 12769 12780 12785 12786 12787 12793 12800 12801 12804 12805 12806 12814 12821 12830 12839 12841 12847 12854 12858 12859 12865 12876 12877 12905 12914 12915 12924 12934 12955 12956 12959 12972 12980 13005 17183 17185 17188 17202 18509 18768 19005 19060 19235 19237 19238 19239 19240 19241 19242 19243 19244 19246 19247 19248 19249 19250 19251 19254 19255 19258 19260 19262 19264 19265 19266 19267 19268 19271 19272 19273 19275 19276 19277 19278 19279 19280 19281 19283 19286 19288 19289 19290 19292 19294 19295 19296 19297 19298 19299 19300 19302 19303 19304 19307 19308 19311 19334 19340 19348 19349 19350 20059 20060 20061 20062 20063 20305 
	}
	weather={
		period={
			between={ 0.0 30.0 }
			temperature={ -18.0 -8.0 }
			temperature_day_night={ 12.0 -12.0 }
			no_phenomenon=0.500
			rain_light=0.050
			rain_heavy=0.010
			snow=0.250
			blizzard=0.100
			arctic_water=0.000
			mud=1.500
			sandstorm=0.000
			min_snow_level=0.100
		}
		period={
			between={ 0.1 27.1 }
			temperature={ -13.0 -6.0 }
			temperature_day_night={ 12.0 -12.0 }
			no_phenomenon=0.550
			rain_light=0.020
			rain_heavy=0.010
			snow=0.350
			blizzard=0.120
			arctic_water=0.000
			mud=1.500
			sandstorm=0.000
			min_snow_level=0.000
		}
		period={
			between={ 0.2 30.2 }
			temperature={ -10.0 -1.0 }
			temperature_day_night={ 10.0 -10.0 }
			no_phenomenon=0.700
			rain_light=0.080
			rain_heavy=0.020
			snow=0.150
			blizzard=0.050
			arctic_water=0.000
			mud=1.500
			sandstorm=0.000
			min_snow_level=0.000
		}
		period={
			between={ 0.3 29.3 }
			temperature={ 3.0 15.0 }
			temperature_day_night={ 10.0 -10.0 }
			no_phenomenon=0.750
			rain_light=0.120
			rain_heavy=0.060
			snow=0.030
			blizzard=0.000
			arctic_water=0.000
			mud=1.500
			sandstorm=0.000
			min_snow_level=0.000
		}
		period={
			between={ 0.4 30.4 }
			temperature={ 6.0 18.0 }
			temperature_day_night={ 10.0 -10.0 }
			no_phenomenon=0.800
			rain_light=0.150
			rain_heavy=0.050
			snow=0.000
			blizzard=0.000
			arctic_water=0.000
			mud=1.500
			sandstorm=0.000
			min_snow_level=0.000
		}
		period={
			between={ 0.5 29.5 }
			temperature={ 11.0 22.0 }
			temperature_day_night={ 10.0 -10.0 }
			no_phenomenon=0.800
			rain_light=0.150
			rain_heavy=0.050
			snow=0.000
			blizzard=0.000
			arctic_water=0.000
			mud=1.500
			sandstorm=0.000
			min_snow_level=0.000
		}
		period={
			between={ 0.6 30.6 }
			temperature={ 15.0 26.0 }
			temperature_day_night={ 10.0 -10.0 }
			no_phenomenon=0.750
			rain_light=0.150
			rain_heavy=0.050
			snow=0.000
			blizzard=0.000
			arctic_water=0.000
			mud=1.500
			sandstorm=0.000
			min_snow_level=0.000
		}
		period={
			between={ 0.7 30.7 }
			temperature={ 13.0 23.0 }
			temperature_day_night={ 10.0 -10.0 }
			no_phenomenon=0.700
			rain_light=0.200
			rain_heavy=0.050
			snow=0.000
			blizzard=0.000
			arctic_water=0.000
			mud=1.500
			sandstorm=0.000
			min_snow_level=0.000
		}
		period={
			between={ 0.8 29.8 }
			temperature={ 7.0 16.0 }
			temperature_day_night={ 10.0 -10.0 }
			no_phenomenon=0.700
			rain_light=0.250
			rain_heavy=0.070
			snow=0.000
			blizzard=0.000
			arctic_water=0.000
			mud=1.500
			sandstorm=0.000
			min_snow_level=0.000
		}
		period={
			between={ 0.9 30.9 }
			temperature={ 0.0 8.0 }
			temperature_day_night={ 10.0 -10.0 }
			no_phenomenon=0.650
			rain_light=0.200
			rain_heavy=0.050
			snow=0.050
			blizzard=0.000
			arctic_water=0.000
			mud=1.500
			sandstorm=0.000
			min_snow_level=0.000
		}
		period={
			between={ 0.10 29.10 }
			temperature={ -8.0 1.0 }
			temperature_day_night={ 10.0 -10.0 }
			no_phenomenon=0.350
			rain_light=0.080
			rain_heavy=0.000
			snow=0.200
			blizzard=0.000
			arctic_water=0.000
			mud=1.500
			sandstorm=0.000
			min_snow_level=0.000
		}
		period={
			between={ 0.11 30.11 }
			temperature={ -17.0 -3.0 }
			temperature_day_night={ 10.0 -10.0 }
			no_phenomenon=0.400
			rain_light=0.000
			rain_heavy=0.050
			snow=0.300
			blizzard=0.150
			arctic_water=0.000
			mud=1.500
			sandstorm=0.000
			min_snow_level=0.050
		}
		period={
			between={ 4.11 21.11 }
			temperature={ -10.0 35.0 }
			temperature_day_night={ 2.0 -2.0 }
			no_phenomenon=1.500
			rain_light=0.250
			rain_heavy=0.100
			snow=0.000
			blizzard=0.000
			arctic_water=0.000
			mud=0.000
			sandstorm=0.000
			min_snow_level=0.000
		}
	}
}
