
strategic_region={
	id=63
	name="STRATEGICREGION_63"
	provinces={
		1 5 14 28 52 78 85 91 101 102 108 111 115 117 139 145 152 153 161 174 180 181 183 185 189 191 203 213 214 217 226 227 229 236 290 308 310 312 322 332 347 366 380 395 402 407 427 437 462 465 478 481 485 513 520 528 531 545 560 575 579 591 601 629 637 639 646 658 668 696 720 729 730 771 773 792 795 796 801 811 835 843 852 853 861 870 871 891 901 907 910 915 922 931 943 945 947 965 966 971 972 981 989 1008 1025 1055 1059 1060 1065 1081 1106 1108 1113 1147 1181 1184 1188 1211 1212 1214 1223 1249 1266 1286 1291 1297 1321 1327 1330 1343 1351 1399 1412 1413 1430 1472 1473 1478 1479 1539 1549 1556 1573 1581 1651 1695 1736 1767 1776 1779 1784 1812 1823 1830 1843 1881 1976 1984 1989 2005 2013 2015 2020 2028 2044 2054 2055 2074 2097 2100 2102 2115 2137 2158 2159 2162 2171 2221 2236 2239 2249 2278 2297 2300 2310 2314 2315 2325 2329 2343 2344 2351 2353 2389 2433 2448 2452 2484 2487 2509 2560 2588 2591 2625 2630 2646 2658 2666 2682 2693 2718 2751 2766 2789 2818 2858 2868 2872 2929 2939 2940 2963 2996 3025 3029 3037 3047 3049 3054 3064 3078 3086 3099 3115 3119 3193 3194 3197 3198 3220 3225 3244 3293 3324 3330 3337 3366 3397 3433 3446 3454 3458 3460 3472 3482 3484 3507 3560 3568 3583 3584 3589 3600 3617 3664 3671 3676 3685 3716 3732 3734 3738 3748 3758 3767 3802 3818 3821 3836 3852 3877 3910 3941 3964 4018 4024 4037 4048 4076 4085 4089 4112 4118 4182 4230 4246 4264 4276 4292 4318 4322 4366 4394 4418 4455 4461 4470 4484 4486 4521 4529 4589 4602 4603 4609 4615 4625 4644 4650 4651 4654 4694 4700 4701 4709 4718 4726 4754 4784 4860 4868 4875 4877 4886 4903 4911 4914 4937 4946 4964 4971 5022 5061 5090 5099 5102 5109 5110 5191 5196 5219 5262 5292 5322 5338 5397 5433 5460 5472 5477 5494 5503 5538 5596 5599 5600 5624 5636 5667 5726 5734 5735 5829 5867 5879 5934 5950 5958 5960 5972 5991 6035 6053 6077 6153 6200 6231 6274 6297 6301 6307 6320 6349 6365 6381 6390 6414 6423 6460 6478 6482 6552 6609 6624 6660 6675 6738 6741 6742 6759 6785 6842 6876 6878 6887 6900 6905 6916 7001 7035 7042 7081 7090 7125 7135 7146 7218 7305 7316 7358 7363 7393 7402 7441 7447 7509 7526 7531 7533 7542 7584 7662 7681 7712 7740 7747 7767 7769 7789 7806 7821 7851 7875 7882 7908 7929 8016 8076 8081 8084 8114 8175 8186 8192 8203 8220 8227 8237 8247 8268 8303 8326 8348 8372 8373 8407 8486 8507 8533 8537 8553 8562 8626 8636 8655 8661 8665 8693 8712 8748 8758 8810 8837 8938 8949 8950 9005 9008 9012 9042 9048 9065 9071 9082 9097 9201 9228 9232 9256 9311 9337 9362 9379 9465 9467 9501 9523 9566 9592 9603 9624 9656 9682 9721 9729 9738 9813 9847 9861 9889 9895 9916 9929 9939 9980 9986 10011 10024 10033 10051 10054 10078 10092 10123 10150 10183 10189 10225 10252 10253 10372 10379 10388 10398 10404 10410 10424 10439 10515 10518 10618 10633 10655 10665 10708 10711 10751 10763 10828 10880 10905 10932 10966 11074 11082 11114 11116 11122 11145 11159 11202 11216 11241 11269 11291 11328 11358 11391 11400 11403 11451 11452 11490 11526 11540 11567 11587 11607 16410 16411 16421 16435 16472 16479 16500 16510 16514 16531 16537 16546 16550 16565 16570 16571 16572 16573 16580 16587 16589 16596 16604 16610 16611 16612 16621 16622 16623 16627 16630 16631 16632 16641 16643 16644 16645 16646 16647 16648 16654 16655 16656 16657 16658 16659 16660 16661 16662 16664 16667 16668 16669 16670 16671 16672 16673 16675 16677 16678 16679 16681 16682 16684 16686 16687 16688 16689 16692 16693 16694 16695 16696 16699 16701 16702 16709 16712 16713 16715 16722 16723 16725 16728 16729 16731 16736 16737 16747 16749 16750 16753 16759 16768 16774 16777 16779 16780 16782 16787 16788 16789 16796 16802 16807 16808 16813 16821 16826 16827 16831 16841 16855 16858 16863 16877 16883 16892 16894 16896 16897 16898 16905 16908 16914 16938 16942 16955 16970 16972 16979 16981 16984 16989 16994 16999 17000 17001 17003 17005 17021 17023 17027 17032 17038 17039 17040 17050 17052 17055 17060 17073 17078 17080 17085 17086 17087 17090 17103 17109 17113 17117 17121 17126 17127 17134 17137 17144 17150 17151 17156 17160 17167 17405 17412 17413 17415 17416 17417 17418 
	}
	weather={
		period={
			between={ 0.0 30.0 }
			temperature={ 5.0 30.0 }
			temperature_day_night={ -2.0 2.0 }
			no_phenomenon=0.500
			rain_light=0.400
			rain_heavy=0.300
			snow=0.000
			blizzard=0.000
			arctic_water=0.000
			mud=1.000
			sandstorm=0.000
			min_snow_level=0.000
		}
		period={
			between={ 0.1 27.1 }
			temperature={ 5.0 30.0 }
			temperature_day_night={ -2.0 2.0 }
			no_phenomenon=0.500
			rain_light=0.400
			rain_heavy=0.300
			snow=0.000
			blizzard=0.000
			arctic_water=0.000
			mud=1.000
			sandstorm=0.000
			min_snow_level=0.000
		}
		period={
			between={ 0.2 30.2 }
			temperature={ 5.0 30.0 }
			temperature_day_night={ -2.0 2.0 }
			no_phenomenon=0.500
			rain_light=0.400
			rain_heavy=0.300
			snow=0.000
			blizzard=0.000
			arctic_water=0.000
			mud=1.000
			sandstorm=0.000
			min_snow_level=0.000
		}
		period={
			between={ 0.3 29.3 }
			temperature={ 5.0 30.0 }
			temperature_day_night={ -2.0 2.0 }
			no_phenomenon=0.500
			rain_light=0.400
			rain_heavy=0.300
			snow=0.000
			blizzard=0.000
			arctic_water=0.000
			mud=1.000
			sandstorm=0.000
			min_snow_level=0.000
		}
		period={
			between={ 0.4 30.4 }
			temperature={ 5.0 30.0 }
			temperature_day_night={ -2.0 2.0 }
			no_phenomenon=0.500
			rain_light=0.400
			rain_heavy=0.300
			snow=0.000
			blizzard=0.000
			arctic_water=0.000
			mud=1.000
			sandstorm=0.000
			min_snow_level=0.000
		}
		period={
			between={ 0.5 29.5 }
			temperature={ 5.0 30.0 }
			temperature_day_night={ -2.0 2.0 }
			no_phenomenon=0.500
			rain_light=0.400
			rain_heavy=0.300
			snow=0.000
			blizzard=0.000
			arctic_water=0.000
			mud=1.000
			sandstorm=0.000
			min_snow_level=0.000
		}
		period={
			between={ 0.6 30.6 }
			temperature={ 5.0 30.0 }
			temperature_day_night={ -2.0 2.0 }
			no_phenomenon=0.500
			rain_light=0.400
			rain_heavy=0.300
			snow=0.000
			blizzard=0.000
			arctic_water=0.000
			mud=1.000
			sandstorm=0.000
			min_snow_level=0.000
		}
		period={
			between={ 0.7 30.7 }
			temperature={ 5.0 30.0 }
			temperature_day_night={ -2.0 2.0 }
			no_phenomenon=0.500
			rain_light=0.400
			rain_heavy=0.300
			snow=0.000
			blizzard=0.000
			arctic_water=0.000
			mud=1.000
			sandstorm=0.000
			min_snow_level=0.000
		}
		period={
			between={ 0.8 29.8 }
			temperature={ 5.0 30.0 }
			temperature_day_night={ -2.0 2.0 }
			no_phenomenon=0.500
			rain_light=0.400
			rain_heavy=0.300
			snow=0.000
			blizzard=0.000
			arctic_water=0.000
			mud=1.000
			sandstorm=0.000
			min_snow_level=0.000
		}
		period={
			between={ 0.9 30.9 }
			temperature={ 5.0 30.0 }
			temperature_day_night={ -2.0 2.0 }
			no_phenomenon=0.500
			rain_light=0.400
			rain_heavy=0.300
			snow=0.000
			blizzard=0.000
			arctic_water=0.000
			mud=1.000
			sandstorm=0.000
			min_snow_level=0.000
		}
		period={
			between={ 0.10 29.10 }
			temperature={ 5.0 30.0 }
			temperature_day_night={ -2.0 2.0 }
			no_phenomenon=0.500
			rain_light=0.400
			rain_heavy=0.300
			snow=0.000
			blizzard=0.000
			arctic_water=0.000
			mud=1.000
			sandstorm=0.000
			min_snow_level=0.000
		}
		period={
			between={ 0.11 30.11 }
			temperature={ 5.0 30.0 }
			temperature_day_night={ -2.0 2.0 }
			no_phenomenon=0.500
			rain_light=0.400
			rain_heavy=0.300
			snow=0.000
			blizzard=0.000
			arctic_water=0.000
			mud=1.000
			sandstorm=0.000
			min_snow_level=0.000
		}
	}
}
