
strategic_region={
	id=64
	name="STRATEGICREGION_64"
	provinces={
		2 90 158 173 211 221 222 250 264 271 297 299 306 334 349 440 443 535 539 540 580 630 640 670 693 791 875 902 929 937 938 1070 1101 1102 1145 1146 1194 1258 1307 1365 1372 1375 1471 1474 1548 1558 1584 1604 1614 1661 1669 1684 1714 1722 1751 1765 1773 1780 1783 1824 1850 1878 1901 1919 1933 1947 1985 2009 2039 2064 2073 2126 2192 2200 2214 2229 2243 2244 2257 2261 2263 2301 2369 2380 2390 2404 2438 2475 2486 2523 2534 2548 2551 2565 2576 2613 2614 2620 2686 2726 2761 2765 2774 2795 2819 2832 2838 2855 2860 2883 2904 2910 2924 2949 2967 2972 2973 2975 3002 3042 3065 3074 3085 3162 3201 3212 3246 3251 3255 3266 3277 3280 3318 3377 3697 3706 3723 3724 3728 3749 3809 3854 3888 3913 3931 3933 3939 3973 3979 4001 4009 4023 4053 4104 4121 4232 4286 4310 4341 4399 4402 4412 4425 4438 4481 4497 4500 4520 4525 4526 4591 4608 4659 4681 4710 4732 4734 4797 4835 4836 4847 4876 4986 4995 5050 5065 5112 5123 5147 5153 5154 5158 5188 5206 5269 5298 5339 5362 5462 5493 5534 5563 5580 5592 5697 5699 5722 5799 5842 5852 6044 6089 6097 6135 6161 6175 6177 6220 6255 6310 6360 6366 6407 6429 6449 6473 6502 6503 6518 6566 6575 6580 6656 6689 6795 6812 6828 6833 6918 6920 6993 7010 7206 7274 7304 7370 7372 7407 7434 7461 7467 7486 7499 7501 7559 7699 7715 7753 7817 7845 7866 7901 7902 7916 7931 7948 7969 7990 8035 8075 8205 8238 8277 8349 8374 8449 8477 8482 8492 8510 8599 8645 8652 8657 8675 8718 8755 8766 8778 8817 8851 8906 8964 8982 8983 9006 9060 9068 9094 9121 9129 9130 9133 9162 9173 9175 9231 9268 9272 9316 9356 9399 9488 9524 9585 9632 9635 9714 9728 9742 9773 9832 9862 9885 9919 9947 9958 9976 10009 10043 10058 10069 10133 10161 10166 10181 10190 10205 10207 10284 10286 10351 10353 10417 10418 10426 10449 10476 10480 10482 10488 10502 10537 10540 10557 10593 10642 10659 10675 10818 10835 10843 10863 10896 10923 11125 11127 11146 11190 11200 11299 11322 11334 11375 11397 11426 11429 11455 11456 11512 11521 11575 11581 11596 11602 11615 11635 15775 15787 15815 15823 15848 15852 15853 15866 15871 15881 15908 15909 15913 15914 15922 15950 15972 16021 16027 16046 16057 16063 16064 16066 16080 16089 16090 16103 16108 16118 16122 16129 16130 16134 16136 16138 16161 16164 16168 16175 16193 16194 16199 16204 16207 16216 16222 16223 16226 16229 16230 16233 16245 16257 16258 16260 16261 16268 16271 16280 16281 16284 16289 16290 16297 16298 16300 16305 16312 16321 16327 16340 16342 16346 16347 16350 16354 16358 16364 16365 16369 16392 16398 16418 16419 16432 16433 16461 16463 16464 16467 16475 16483 16495 16515 16516 16519 16528 16530 16535 16536 16540 16541 16544 16548 16549 16559 16560 16564 16566 16577 16578 16579 16583 16590 16603 16607 16617 16624 16636 16637 16638 16650 16665 16674 16683 16697 16703 16707 16708 16714 16721 16734 16744 16748 16751 16763 16767 16769 16773 16778 16781 16786 16792 16798 16804 16805 16809 16810 16812 16814 16817 16820 16824 16828 16833 16840 16842 16845 16846 16850 16851 16854 16857 16862 16868 16871 16875 16880 16881 16886 16888 16913 16920 16923 16940 16966 16988 17014 17026 17378 17389 19713 20315 20316 20317 20325 20326 20327 
	}
	weather={
		period={
			between={ 0.0 30.0 }
			temperature={ 16.0 27.0 }
			temperature_day_night={ -16.0 5.0 }
			no_phenomenon=0.600
			rain_light=0.000
			rain_heavy=0.000
			snow=0.000
			blizzard=0.000
			arctic_water=0.000
			mud=1.000
			sandstorm=0.200
			min_snow_level=0.000
		}
		period={
			between={ 0.1 27.1 }
			temperature={ 18.0 27.0 }
			temperature_day_night={ -15.0 5.0 }
			no_phenomenon=0.600
			rain_light=0.000
			rain_heavy=0.000
			snow=0.000
			blizzard=0.000
			arctic_water=0.000
			mud=1.000
			sandstorm=0.200
			min_snow_level=0.000
		}
		period={
			between={ 0.2 30.2 }
			temperature={ 22.0 34.0 }
			temperature_day_night={ -13.0 7.0 }
			no_phenomenon=0.600
			rain_light=0.000
			rain_heavy=0.000
			snow=0.000
			blizzard=0.000
			arctic_water=0.000
			mud=1.000
			sandstorm=0.200
			min_snow_level=0.000
		}
		period={
			between={ 0.3 29.3 }
			temperature={ 29.0 37.0 }
			temperature_day_night={ -16.0 5.0 }
			no_phenomenon=0.600
			rain_light=0.000
			rain_heavy=0.000
			snow=0.000
			blizzard=0.000
			arctic_water=0.000
			mud=1.000
			sandstorm=0.200
			min_snow_level=0.000
		}
		period={
			between={ 0.4 30.4 }
			temperature={ 34.0 42.0 }
			temperature_day_night={ -15.0 4.0 }
			no_phenomenon=0.600
			rain_light=0.000
			rain_heavy=0.000
			snow=0.000
			blizzard=0.000
			arctic_water=0.000
			mud=1.000
			sandstorm=0.200
			min_snow_level=0.000
		}
		period={
			between={ 0.5 29.5 }
			temperature={ 34.0 44.0 }
			temperature_day_night={ -15.0 5.0 }
			no_phenomenon=0.600
			rain_light=0.000
			rain_heavy=0.000
			snow=0.000
			blizzard=0.000
			arctic_water=0.000
			mud=1.000
			sandstorm=0.200
			min_snow_level=0.000
		}
		period={
			between={ 0.6 30.6 }
			temperature={ 35.0 42.0 }
			temperature_day_night={ -15.0 5.0 }
			no_phenomenon=0.600
			rain_light=0.000
			rain_heavy=0.000
			snow=0.000
			blizzard=0.000
			arctic_water=0.000
			mud=1.000
			sandstorm=0.200
			min_snow_level=0.000
		}
		period={
			between={ 0.7 30.7 }
			temperature={ 36.0 42.0 }
			temperature_day_night={ -13.0 4.0 }
			no_phenomenon=0.600
			rain_light=0.000
			rain_heavy=0.000
			snow=0.000
			blizzard=0.000
			arctic_water=0.000
			mud=1.000
			sandstorm=0.200
			min_snow_level=0.000
		}
		period={
			between={ 0.8 29.8 }
			temperature={ 33.0 38.0 }
			temperature_day_night={ -15.0 5.0 }
			no_phenomenon=0.600
			rain_light=0.000
			rain_heavy=0.000
			snow=0.000
			blizzard=0.000
			arctic_water=0.000
			mud=1.000
			sandstorm=0.200
			min_snow_level=0.000
		}
		period={
			between={ 0.9 30.9 }
			temperature={ 28.0 37.0 }
			temperature_day_night={ -13.0 4.0 }
			no_phenomenon=0.600
			rain_light=0.000
			rain_heavy=0.000
			snow=0.000
			blizzard=0.000
			arctic_water=0.000
			mud=1.000
			sandstorm=0.200
			min_snow_level=0.000
		}
		period={
			between={ 0.10 29.10 }
			temperature={ 22.0 30.0 }
			temperature_day_night={ -14.0 4.0 }
			no_phenomenon=0.600
			rain_light=0.000
			rain_heavy=0.000
			snow=0.000
			blizzard=0.000
			arctic_water=0.000
			mud=1.000
			sandstorm=0.200
			min_snow_level=0.000
		}
		period={
			between={ 0.11 30.11 }
			temperature={ 17.0 27.0 }
			temperature_day_night={ -14.0 5.0 }
			no_phenomenon=0.600
			rain_light=0.000
			rain_heavy=0.000
			snow=0.000
			blizzard=0.000
			arctic_water=0.000
			mud=1.000
			sandstorm=0.200
			min_snow_level=0.000
		}
	}
}
