1 4 14156 6371 14207 19609 
3 15 19612 14156 14173 19608 7211 11050 19597 14372 19596 2526 11356 19600 19603 19602 19607 
3 10 19596 14372 4685 19589 1465 7209 19577 19494 19469 19467 
3 9 19469 19575 14562 9819 14462 14430 11320 8751 19678 
1 3 11257 19499 14462 
1 3 19596 722 11257 
3 3 19613 10438 14156 
1 4 19611 19610 5301 10438 
3 7 14430 10619 19591 14393 14359 722 19596 
1 3 19588 14430 14462 
1 4 19588 11320 8751 19678 
1 6 19609 5577 19607 19602 19610 19611 
1 3 6790 14575 14544 
3 4 19662 19659 14695 6790 
1 4 14544 19689 2109 14563 
3 3 19678 10216 14563 
3 8 14563 6219 14648 3554 6790 14695 19659 19662 
3 6 19662 19665 3988 1009 10387 4073 
1 3 14544 3492 1009 
1 6 14544 14493 14439 19682 14407 19684 
1 7 19678 10216 19679 9557 8839 19683 19684 
3 4 19979 14898 14857 5968 
1 5 5968 10063 2742 19659 19662 
1 13 19979 14957 6123 19629 197 14868 14841 19646 14829 19644 19647 19652 19701 
1 6 19652 19653 14691 19656 14595 14563 
3 10 14563 19673 8366 6358 14554 19576 14562 19575 19469 19467 
3 5 19602 19605 8215 19601 19599 
1 7 6858 14318 19599 19592 19594 8871 19591 
3 4 19611 14214 19606 19604 
1 7 14868 5008 11641 14744 14695 19659 19662 
1 2 19588 19590 
3 5 19590 14431 3543 19595 6858 
1 6 10061 4910 11489 2354 6361 20071 
3 5 5331 11469 14158 14146 20071 
3 10 20071 14222 14254 11305 20332 14351 7011 14413 4073 20323 
1 6 14254 4012 6858 5470 1922 19604 
3 5 14158 5113 4066 8299 5055 
5 2 19467 19469 
1 16 16491 8424 8242 8431 7617 1040 16393 7553 16326 16294 16247 8809 1445 16099 2649 1852 
1 8 1852 7801 4100 8269 15959 3077 20300 9816 
3 30 9816 783 15837 3297 2405 2701 6024 10265 277 3707 10096 15512 5315 6999 15422 19997 15377 8342 15381 5193 15480 15508 15537 15585 15605 6279 7136 15662 619 8047 
1 7 9405 5804 11487 16606 9025 9196 2961 
1 8 10239 2663 10823 10021 16586 4799 872 5804 
1 16 9405 10724 5264 1915 7192 2307 7171 19479 6346 16383 3731 9117 2226 16220 16192 16166 
1 18 10724 1915 9868 19478 16445 16420 10834 6009 9780 7606 16285 9763 16210 7487 19480 16184 19481 5613 
3 8 5613 5439 11148 16092 6614 9505 8587 15191 
1 19 15191 15996 7089 15968 15919 3310 15900 9577 1348 7339 7481 10597 10805 20295 4385 10029 9400 3173 15555 
1 8 15191 15962 11592 15894 9700 15831 15791 5243 
1 7 5243 20293 15694 7762 15607 7912 7114 
3 4 7893 7798 618 7114 
1 5 7114 15516 256 15506 8428 
1 9 15344 20324 10855 5087 9589 19490 15457 4090 7114 
3 8 256 15433 20149 20154 20156 5857 20163 3948 
1 4 14913 10230 15333 3948 
3 7 15555 10566 736 15465 6304 20143 9804 
1 8 9804 15418 20152 7338 15383 8070 6167 14913 
1 6 14913 15380 20068 20151 9206 8428 
1 6 15555 150 20138 20142 15449 9206 
1 27 7893 7798 8271 15637 19488 19487 7047 3981 10857 8934 10990 9116 178 15937 15969 2589 2785 16011 7093 16038 16060 5706 10603 253 16117 16156 16166 
1 6 5613 19482 5741 2237 16010 2785 
1 10 15191 15974 19485 15895 15863 15850 8819 15769 19486 7047 
1 6 16166 6521 16198 9978 11360 16279 
1 12 11238 2806 11284 10576 4098 10203 5143 16197 16162 10304 16140 9945 
1 12 20002 5058 20000 20001 19999 5252 15762 4109 2790 20008 20012 20013 
3 7 20002 20005 9564 19742 8945 19739 5603 
1 5 5603 19745 1379 19754 19756 
1 8 19827 19826 5754 19843 19861 19877 19893 19898 
3 13 19827 11173 7799 15545 20032 325 20029 15609 20026 19760 19751 19749 5603 
1 10 2623 19905 1518 15157 19692 1124 15052 8829 19700 19973 
1 6 19827 11185 19831 19838 19850 19847 
1 10 19847 19836 10513 7325 15429 20039 1541 15432 1373 9804 
3 10 20013 20016 9301 20019 10883 20024 10270 5883 20130 15555 
3 6 19756 6748 11246 9487 19736 19743 
1 5 19743 2040 6880 6 1475 
3 9 19766 15647 6293 19735 15702 19740 19741 2040 19743 
1 12 19766 19765 19764 15638 19753 8278 3586 15689 19748 19752 15641 19759 
1 8 15635 19769 1292 19774 15636 10403 19758 19759 
3 12 15635 19778 11060 19787 9590 15517 9795 3781 4317 19851 19852 19858 
1 6 19766 19772 19781 19799 2253 20108 
1 9 20108 19797 19796 20110 10274 15464 19825 10113 19852 
3 13 10957 4095 1534 10867 4517 8274 10865 10325 15930 11018 4849 15795 7275 
1 9 19858 19868 19872 19869 9412 19881 5313 19900 19914 
1 7 19919 19913 9619 5277 19916 86 19914 
3 9 14911 19631 2524 19978 14989 6975 20119 10213 19623 
3 7 19914 19915 2609 7543 19947 10000 19959 
1 7 19959 4559 15006 19625 14941 14911 19543 
3 7 19536 14478 14510 41 14543 6801 19534 
3 6 19534 7500 1711 14632 8908 19524 
3 6 19543 7952 4696 15013 15049 19964 
1 10 19964 15016 10931 4299 19616 6831 8338 15222 3361 19908 
1 10 19908 15272 19903 15242 19897 6313 19889 19884 2623 19898 
3 6 7429 6198 2894 7865 10124 19539 
3 6 19539 14479 14511 7087 3356 19537 
3 9 19537 19493 9880 10147 19572 19574 19468 19702 19467 
3 12 19524 19989 14709 8956 19519 5001 19520 14741 14781 19580 19988 19581 
3 12 19581 9948 14761 10047 14658 14646 20064 19564 14601 19585 19702 19467 
3 6 19530 1135 4536 6783 19522 19521 
1 10 19521 14688 3383 10669 14780 19514 7895 3254 14883 19509 
1 6 19509 19985 19510 14873 19547 19549 
1 7 19549 14877 19542 1588 19984 19986 19543 
3 7 19543 19986 14875 5691 19551 14795 19555 
3 11 19555 19554 9217 14763 9876 14680 19566 19568 19583 19470 19467 
3 12 19554 7320 8329 4658 14896 14927 19624 4378 9941 14954 14965 19973 
1 4 19973 1973 5146 6123 
1 10 19555 19554 9217 7653 19556 14743 19559 5124 7682 19701 
1 10 20108 2253 6359 19814 15431 19832 8567 19846 19849 19870 
3 6 19870 7541 8921 19896 19910 19919 
1 9 19870 19849 6253 19875 15296 19895 3940 15272 19908 
1 5 19577 5564 10067 9242 19503 
1 10 19436 19439 13936 11077 6043 9736 1887 8742 5871 10341 
1 6 19436 19431 19453 14023 9113 14105 
1 12 10261 7322 14016 14021 5081 14008 5702 13976 14002 19430 19432 19436 
1 3 14070 10636 14109 
1 6 14109 1866 14002 19429 19432 19436 
1 4 11078 14082 5476 14070 
1 6 13899 6273 4887 5558 11009 3648 
1 4 13899 6273 1079 13853 
1 3 13853 13880 3387 
3 7 19436 19437 4161 3756 9649 13880 13853 
1 10 19436 19441 5778 13807 3017 13700 5395 7104 8939 6603 
1 3 7585 8717 6603 
1 3 7585 13542 3648 
1 8 13245 4538 13191 13154 11055 4273 6915 5848 
1 2 5848 13092 
1 5 13092 5997 13067 13036 13013 
1 7 12864 850 3655 8899 6178 5997 13092 
3 3 6178 5997 13092 
1 11 13066 8323 13128 13183 5160 13221 13199 4851 13231 3766 11059 
1 7 11059 3771 6947 13341 13412 9035 3648 
3 5 13245 10305 242 13460 6603 
1 2 10130 9113 
1 3 13853 914 10053 
1 4 10053 13770 13802 9649 
3 4 10053 13596 9102 7585 
1 6 13617 5240 7999 9599 13430 7383 
1 5 7383 13385 11054 6872 9903 
1 4 13172 1393 13230 6872 
1 6 19635 19636 10159 11111 14736 19654 
1 5 19635 19626 19630 19628 19979 
3 8 19654 14703 5231 19655 14681 6419 10359 19662 
1 12 14810 4401 5251 7455 6913 7222 6771 14902 14858 19461 7457 19636 
3 4 14810 6109 14823 4760 
3 4 11304 8222 14764 7925 
1 4 7925 11395 4483 14810 
1 4 9653 14411 19690 20323 
1 6 9653 8059 14391 8295 7439 3142 
1 4 3142 14417 9994 14335 
1 6 3142 14525 14571 786 14703 19654 
1 6 14190 19474 9873 200 14374 9653 
3 5 14190 14141 4789 1567 4130 
1 10 4130 19472 14160 6033 7574 14277 8835 14303 11290 14335 
1 6 4130 14057 9052 194 13960 13923 
3 7 13923 13878 10705 1213 13705 2604 2632 
1 4 19462 8644 13662 2632 
1 4 19462 13663 2262 10936 
3 5 10873 13512 7266 3351 10936 
1 3 10936 4546 318 
1 6 10873 978 13398 1971 13342 7446 
3 4 13923 7008 7052 13927 
1 6 13927 13891 10810 7250 13766 19462 
1 7 13927 10508 4176 13908 13883 13897 13876 
3 6 13876 1192 13750 5303 10815 10936 
1 6 19462 4433 315 13779 13763 1192 
1 5 11304 10396 3639 8438 3142 
3 10 13876 13892 13871 11556 42 13860 3666 3832 19455 19458 
1 5 318 7334 6066 11307 1304 
3 9 1304 3826 8400 13629 10871 9469 6922 19460 19458 
1 7 19458 6292 2103 13780 5027 3946 13612 
1 15 13612 7731 13571 7898 13506 107 1391 13446 13417 6331 13370 254 10085 13400 5030 
3 7 5030 9842 8281 2107 13336 13346 9249 
1 12 4130 14125 14144 2823 8746 8511 5198 4064 6982 14183 14213 14228 
3 11 14823 14751 7854 6750 14535 8117 1264 6884 14333 3087 14228 
1 12 7925 89 11213 14602 6546 14516 8093 10229 9853 2702 4742 14228 
3 6 14077 14124 14151 10595 14241 14228 
1 3 14077 5954 14030 
1 6 14030 9377 3371 11081 11486 3832 
1 9 19455 3832 3976 926 14000 4541 7329 3281 14152 
1 5 14077 14195 6345 146 14152 
1 11 13838 13912 5249 1972 9225 10970 13903 11491 19457 19459 19458 
1 9 13612 1566 3227 13676 13752 6836 9451 5242 13838 
3 5 13838 13792 10853 6018 13669 
1 6 13669 13605 5784 10787 6923 5030 
1 11 14135 6810 9307 14079 609 2815 10826 2316 4954 1871 7329 
1 3 14135 7632 14196 
3 5 13838 13870 13910 9298 2563 
1 8 9249 1771 10952 4973 13255 7364 13215 2187 
1 2 7364 13196 
1 5 19675 14489 19676 14475 9653 
3 6 19671 19672 9308 19669 4214 5231 
1 7 14335 8765 14304 2978 9325 5009 4742 
3 4 19626 9103 6275 7758 
1 10 7758 20077 4190 15192 7204 15177 6459 20178 15297 14913 
1 4 11129 14345 3429 8226 
3 2 2786 11129 
1 7 8226 14436 5776 14404 14383 14396 1264 
3 6 14152 10484 7746 7980 14295 11129 
1 11 20049 10134 2736 14650 14534 1727 3388 11058 14454 14425 8226 
3 8 20049 20050 6890 20212 6681 14851 14824 19994 
1 9 7506 15241 8520 10902 10602 15084 15053 8680 14979 
1 4 14979 14936 9320 20276 
1 3 20276 3751 14824 
