1 40 
1 101 
1 121 
1 122 
1 167 
1 191 
1 192 
1 241 
1 256 
1 270 
1 271 
1 310 
1 318 
1 321 
1 327 
1 351 
1 362 
1 377 
1 383 
1 385 
1 391 
1 394 
1 399 
1 402 
1 418 
1 476 
1 485 
1 492 
1 495 
1 512 
1 514 
1 516 
1 526 
1 540 
1 560 
1 572 
1 587 
1 603 
1 621 
1 663 
1 673 
1 677 
1 678 
1 689 
1 706 
1 719 
1 740 
1 743 
1 758 
1 782 
1 788 
1 819 
1 832 
1 875 
1 883 
1 885 
1 911 
1 913 
1 915 
1 925 
1 949 
1 1025 
1 1047 
1 1048 
1 1065 
1 1069 
1 1092 
1 1117 
1 1132 
1 1136 
1 1150 
1 1185 
1 1278 
1 1304 
1 1315 
1 1319 
1 1321 
1 1330 
1 1349 
1 1359 
1 1403 
1 1408 
1 1454 
1 1459 
1 1475 
1 1488 
1 1509 
1 1519 
1 1528 
1 1534 
1 1550 
1 1551 
1 1554 
1 1567 
1 1572 
1 1595 
1 1599 
1 1628 
1 1646 
1 1652 
1 1703 
1 1725 
1 1747 
1 1801 
1 1814 
1 1821 
1 1843 
1 1852 
1 1861 
1 1920 
1 1939 
1 2012 
1 2046 
1 2066 
1 2086 
1 2097 
1 2120 
1 2152 
1 2174 
1 2182 
1 2187 
1 2196 
1 2210 
1 2213 
1 2229 
1 2563 
1 2632 
1 2643 
1 2644 
1 2904 
1 2961 
1 2989 
1 3010 
1 3016 
1 3040 
1 3083 
1 3108 
1 3122 
1 3123 
1 3142 
1 3151 
1 3189 
1 3195 
1 3295 
1 3320 
1 3325 
1 3326 
1 3387 
1 3392 
1 3393 
1 3452 
1 3458 
1 3501 
1 3526 
1 3561 
1 3569 
1 3578 
1 3579 
1 3580 
1 3581 
1 3585 
1 3588 
1 3594 
1 3601 
1 3614 
1 3648 
1 3652 
1 3653 
1 3668 
1 3671 
1 3692 
1 3696 
1 3719 
1 3734 
1 3741 
1 3775 
1 3778 
1 3780 
1 3832 
1 3838 
1 3868 
1 3869 
1 3882 
1 3924 
1 3945 
1 3948 
1 3957 
1 3960 
1 3962 
1 3969 
1 4014 
1 4052 
1 4056 
1 4075 
1 4076 
1 4090 
1 4102 
1 4108 
1 4130 
1 4132 
1 4135 
1 4159 
1 4190 
1 4274 
1 4278 
1 4334 
1 4345 
1 4380 
1 4396 
1 4425 
1 4506 
1 4518 
1 4543 
1 4569 
1 4572 
1 4604 
1 4608 
1 4619 
1 4620 
1 4670 
1 4677 
1 4683 
1 4709 
1 4723 
1 4739 
1 4740 
1 4759 
1 4760 
1 4828 
1 4860 
1 4865 
1 4872 
1 4908 
1 4910 
1 4933 
1 4948 
1 4956 
1 4972 
1 4975 
1 4987 
1 5005 
1 5010 
1 5015 
1 5021 
1 5030 
1 5040 
1 5075 
1 5087 
1 5105 
1 5112 
1 5131 
1 5160 
1 5168 
1 5199 
1 5210 
1 5228 
1 5230 
1 5243 
1 5331 
1 5356 
1 5550 
1 5603 
1 5613 
1 5659 
1 5820 
1 5848 
1 5968 
1 6050 
1 6103 
1 6115 
1 6141 
1 6262 
1 6273 
1 6278 
1 6282 
1 6296 
1 6332 
1 6336 
1 6364 
1 6373 
1 6375 
1 6377 
1 6380 
1 6398 
1 6449 
1 6488 
1 6510 
1 6583 
1 6593 
1 6603 
1 6606 
1 6626 
1 6657 
1 6710 
1 6711 
1 6732 
1 6785 
1 6788 
1 6807 
1 6845 
1 6855 
1 6867 
1 6890 
1 6891 
1 6906 
1 6960 
1 6973 
1 6984 
1 7011 
1 7018 
1 7025 
1 7047 
1 7069 
1 7072 
1 7081 
1 7097 
1 7110 
1 7114 
1 7125 
1 7132 
1 7137 
1 7138 
1 7151 
1 7169 
1 7173 
1 7183 
1 7186 
1 7191 
1 7202 
1 7212 
1 7244 
1 7260 
1 7265 
1 7315 
1 7340 
1 7345 
1 7361 
1 7375 
1 7383 
1 7388 
1 7391 
1 7394 
1 7408 
1 7418 
1 7429 
1 7433 
1 7447 
1 7471 
1 7477 
1 7498 
1 7506 
1 7552 
1 7557 
1 7576 
1 7585 
1 7602 
1 7620 
1 7621 
1 7627 
1 7634 
1 7642 
1 7646 
1 7661 
1 7794 
1 7797 
1 7859 
1 7893 
1 7925 
1 7959 
1 7968 
1 8001 
1 8003 
1 8007 
1 8010 
1 8011 
1 8032 
1 8043 
1 8047 
1 8049 
1 8087 
1 8124 
1 8139 
1 8144 
1 8186 
1 8187 
1 8189 
1 8206 
1 8214 
1 8226 
1 8299 
1 8306 
1 8315 
1 8316 
1 8424 
1 8427 
1 8428 
1 8434 
1 8493 
1 8621 
1 8685 
1 8836 
1 9025 
1 9035 
1 9073 
1 9075 
1 9108 
1 9131 
1 9149 
1 9150 
1 9197 
1 9227 
1 9249 
1 9258 
1 9262 
1 9288 
1 9292 
1 9297 
1 9304 
1 9315 
1 9335 
1 9340 
1 9347 
1 9355 
1 9392 
1 9417 
1 9422 
1 9427 
1 9450 
1 9458 
1 9495 
1 9498 
1 9508 
1 9515 
1 9517 
1 9548 
1 9559 
1 9570 
1 9576 
1 9617 
1 9620 
1 9648 
1 9653 
1 9655 
1 9660 
1 9671 
1 9680 
1 9692 
1 9727 
1 9737 
1 9743 
1 9753 
1 9783 
1 9804 
1 9816 
1 9832 
1 9833 
1 9843 
1 9897 
1 9903 
1 9907 
1 9909 
1 9914 
1 9943 
1 9945 
1 9970 
1 9973 
1 9974 
1 9975 
1 9990 
1 9991 
1 9994 
1 10001 
1 10006 
1 10015 
1 10024 
1 10029 
1 10053 
1 10060 
1 10068 
1 10076 
1 10100 
1 10106 
1 10111 
1 10125 
1 10130 
1 10147 
1 10162 
1 10172 
1 10197 
1 10239 
1 10246 
1 10253 
1 10261 
1 10297 
1 10327 
1 10337 
1 10341 
1 10362 
1 10387 
1 10400 
1 10401 
1 10412 
1 10418 
1 10444 
1 10447 
1 10449 
1 10472 
1 10493 
1 10573 
1 10624 
1 10627 
1 10630 
1 10702 
1 10717 
1 10724 
1 10737 
1 10747 
1 10756 
1 10760 
1 10775 
1 10798 
1 10830 
1 10837 
1 10873 
1 10929 
1 10935 
1 10936 
1 10946 
1 10959 
1 10963 
1 10998 
1 10999 
1 11015 
1 11028 
1 11059 
1 11078 
1 11083 
1 11105 
1 11108 
1 11129 
1 11136 
1 11159 
1 11202 
1 11215 
1 11218 
1 11225 
1 11234 
1 11238 
1 11241 
1 11293 
1 11304 
1 11344 
1 11366 
1 11375 
1 11380 
1 11388 
1 11413 
1 11437 
1 11467 
1 11502 
1 11504 
1 11529 
1 11531 
1 11539 
1 11542 
1 11544 
1 11548 
1 11566 
1 11581 
1 11586 
1 11654 
1 11666 
1 11670 
1 11677 
1 11707 
1 11746 
1 11747 
1 11751 
1 11752 
1 11771 
1 11773 
1 11800 
1 11805 
1 11814 
1 11818 
1 11825 
1 11829 
1 11833 
1 11834 
1 11837 
1 11842 
1 11846 
1 11853 
1 11913 
1 11921 
1 11948 
1 11960 
1 11964 
1 11968 
1 11969 
1 11975 
1 11976 
1 11977 
1 11985 
1 11998 
1 11999 
1 12007 
1 12038 
1 12044 
1 12049 
1 12051 
1 12068 
1 12128 
1 12137 
1 12189 
1 12211 
1 12299 
1 12307 
1 12333 
1 12338 
1 12357 
1 12364 
1 12366 
1 12384 
1 12406 
1 12421 
1 12501 
1 12534 
1 12535 
1 12604 
1 12707 
1 12727 
1 12735 
1 12798 
1 12810 
1 12823 
1 12864 
1 12942 
1 12961 
1 12997 
1 13013 
1 13057 
1 13066 
1 13092 
1 13196 
1 13230 
1 13233 
1 13245 
1 13313 
1 13398 
1 13428 
1 13469 
1 13612 
1 13643 
1 13669 
1 13731 
1 13742 
1 13838 
1 13853 
1 13876 
1 13899 
1 13913 
1 13923 
1 13927 
1 13936 
1 13966 
1 13973 
1 14013 
1 14024 
1 14030 
1 14070 
1 14077 
1 14105 
1 14109 
1 14126 
1 14135 
1 14152 
1 14158 
1 14164 
1 14190 
1 14196 
1 14206 
1 14228 
1 14254 
1 14335 
1 14462 
1 14506 
1 14544 
1 14550 
1 14714 
1 14730 
1 14757 
1 14823 
1 14859 
1 14913 
1 14979 
1 15182 
1 15191 
1 15344 
1 15555 
1 15635 
1 15847 
1 16166 
1 16279 
1 16311 
1 16381 
1 16467 
1 16491 
1 16595 
1 16733 
1 17314 
1 19405 
1 19425 
1 19433 
1 19436 
1 19458 
1 19459 
1 19462 
1 19467 
1 19468 
1 19484 
1 19509 
1 19521 
1 19524 
1 19530 
1 19534 
1 19536 
1 19539 
1 19543 
1 19549 
1 19555 
1 19566 
1 19577 
1 19581 
1 19582 
1 19589 
1 19590 
1 19594 
1 19596 
1 19598 
1 19603 
1 19604 
1 19605 
1 19607 
1 19609 
1 19611 
1 19612 
1 19613 
1 19623 
1 19635 
1 19650 
1 19654 
1 19662 
1 19671 
1 19675 
1 19678 
1 19684 
1 19701 
1 19709 
1 19710 
1 19743 
1 19748 
1 19756 
1 19759 
1 19766 
1 19792 
1 19827 
1 19847 
1 19852 
1 19870 
1 19898 
1 19908 
1 19914 
1 19919 
1 19959 
1 19964 
1 19973 
1 19979 
1 19994 
1 19997 
1 20001 
1 20002 
1 20008 
1 20013 
1 20022 
1 20023 
1 20026 
1 20029 
1 20032 
1 20049 
1 20051 
1 20055 
1 20060 
1 20062 
1 20071 
1 20108 
1 20116 
1 20169 
1 20205 
1 20269 
1 20270 
1 20271 
1 20272 
1 20273 
1 20274 
1 20275 
1 20276 
1 20277 
1 20278 
1 20280 
1 20281 
1 20282 
1 20283 
1 20284 
1 20286 
1 20294 
1 20319 
1 20320 
1 20321 
1 20323 
1 20325 
1 20326 
1 20328 
1 20330 
