
state={
	id=140
	name="STATE_140"
	provinces={
		8 60 135 337 425 445 665 883 920 1023 1426 1452 1500 1662 1693 1728 1916 2003 2122 2313 2529 2537 2793 2875 2926 3035 3130 3292 3362 3372 3532 3572 3629 3800 3892 3987 4108 4319 4371 4404 4476 4530 5086 5199 5203 5878 5979 6067 6085 6104 6131 6170 6280 6434 6468 6514 6612 6855 6985 7186 7202 7683 7702 7735 8064 8996 9080 9213 9277 9411 9620 9667 9909 10018 10177 10497 10544 11504 11537 11561 16968 16980 16983 16997 17018 17046 17069 17081 17084 17091 17102 17115 17136 17138 17146 17148 17158 17159 17162 17165 
	}
	manpower=18539
	buildings_max_level_factor=1.000
	state_category = wasteland
	impassable = yes
	history={
		owner = ENG
		buildings = {
			infrastructure = 0
		}
        }
}
