
state={
	id=195
	name="STATE_195"

	history={
		owner = SOV
		add_core_of = SOV
		buildings = {
			infrastructure = 5
			industrial_complex = 1
			arms_factory = 1

		}
		victory_points = {
			1551 20 
		}
		victory_points = {
			14150 1 
		}
		victory_points = {
			14094 1 
		}
		victory_points = {
			9227 1 
		}
		victory_points = {
			9338 1 
		}
		victory_points = {
			10886 1 
		}
		victory_points = {
			10563 1 
		}
		victory_points = {
			13913 1 
		}

	}

	provinces={
		247 463 532 628 749 832 932 1121 1341 1551 1608 2217 2273 2391 2851 3097 3231 3239 3335 3720 3750 3840 4062 4200 4665 4688 4704 4774 4795 4967 5103 5227 5258 5261 5346 5445 5833 5838 6150 6223 6335 6391 6417 6450 6731 6924 6928 7080 7085 7246 7327 7381 7622 7906 7909 7966 8102 8730 8739 8752 8781 8976 9002 9086 9089 9227 9323 9338 9815 10250 10346 10477 10501 10563 10845 10886 10887 10953 11103 11343 11355 11393 11497 13485 13527 13529 13587 13595 13650 13670 13679 13694 13765 13774 13806 13817 13818 13889 13890 13904 13913 13915 13930 13954 13955 13967 13981 14007 14026 14040 14047 14048 14052 14053 14064 14086 14094 14095 14100 14104 14113 14122 14132 14150 14154 14163 14178 14201 14231 14267 
	}
	manpower=2893000
	buildings_max_level_factor=1.000
	state_category=town
}
