state={
	state_category = town
	id=222
	name="STATE_222"
	history={
		owner = SOV
		add_core_of = SOV
		buildings = {
	    infrastructure = 5 }
		
		victory_points = {
			12426 5 
		}
		victory_points = {
			1649 1 
		}
		victory_points = {
			7196 1 
		}
		victory_points = {
		    12315 1 
		}
		victory_points = {
		    4138 1 
		}
		victory_points = {
		    930 1 
		}

	}
	provinces={
		132 165 188 239 453 562 586 723 760 784 882 930 936 1092 1133 1152 1575 1649 1761 1770 1829 2007 2131 2177 2186 2399 2547 2594 2737 2840 2846 3540 3644 3779 3848 4069 4086 4101 4138 4154 4237 4377 4423 4776 4807 4830 4952 5060 5155 5236 5438 5677 5724 5775 5984 6184 6203 6439 6487 6509 6553 6567 6634 6651 6709 6792 6996 7196 7309 7416 7577 7721 7955 8000 8142 8272 8304 8456 8715 8922 8968 9549 9647 9690 10035 10136 10400 10524 10794 10798 11396 11454 11472 11480 11483 11589 12179 12188 12238 12261 12268 12277 12291 12315 12321 12333 12337 12342 12346 12351 12352 12364 12365 12374 12377 12390 12392 12393 12397 12398 12421 12426 12438 12450 12452 12453 12463 12492 12503 12513 12522 12527 17651 
	}
	manpower=1601000
	buildings_max_level_factor=1.000
}
