
state={
	id=270
	name="STATE_270"

	history={
		owner = SOV
		add_core_of = SOV
		buildings = {
			infrastructure = 2

		}

	}

	provinces={
		718 816 967 1033 1363 1907 2142 2334 2424 2754 2886 3024 3155 3409 3759 3810 4275 4535 4668 4857 5370 5625 5672 5810 5994 6192 7068 7286 7468 8276 8991 9178 9251 9343 9480 9627 9997 10483 10610 10674 10700 11098 11258 11288 11362 11584 11593 13649 13671 13680 13698 13713 13714 13749 13799 13819 13823 13895 13982 13987 14073 14127 
	}
	manpower=169620
	buildings_max_level_factor=1.000
	state_category=rural
}
